Family	Acidaminococcaceae	Actinomycetaceae	Aerococcaceae	Alcaligenaceae	Anaeroplasmataceae	Bacteroidaceae	Bacteroidales_S24-7_group	Bifidobacteriaceae	Campylobacteraceae	Cardiobacteriaceae	Carnobacteriaceae	Christensenellaceae	Clostridiaceae_1	Clostridiales_vadinBB60_group	Comamonadaceae	Coriobacteriaceae	Corynebacteriaceae	Defluviitaleaceae	Desulfovibrionaceae	Elusimicrobiaceae	Enterobacteriaceae	Enterococcaceae	Erysipelotrichaceae	Eubacteriaceae	Family_XI	Family_XIII	Fusobacteriaceae	Lachnospiraceae	Lactobacillaceae	Leptotrichiaceae	Leuconostocaceae	Methanobacteriaceae	Microbacteriaceae	Micrococcaceae	Mitochondria	Moraxellaceae	Neisseriaceae	Oxalobacteraceae	Pasteurellaceae	Peptococcaceae	Peptostreptococcaceae	Porphyromonadaceae	Prevotellaceae	Propionibacteriaceae	Pseudomonadaceae	Rhodospirillaceae	Rikenellaceae	Ruminococcaceae	Staphylococcaceae	Streptococcaceae	Succinivibrionaceae	Synergistaceae	Thermoanaerobacteraceae	Unknown_Family	Veillonellaceae	Verrucomicrobiaceae	Victivallaceae	vadinBE97
Acidaminococcaceae	9.38611237084	-1.19151815246	-0.261330841928	1.36148189543	0.191792809173	1.44141783509	0.72712543657	-1.42854645349	0.0925268231249	-0.0768427954182	-0.528741467077	0.85951386698	-0.930454609599	0.516613026864	-0.07477396866	-0.34588196531	-0.201091418682	0.811754253723	1.93069264528	0.148011467725	-0.0194870816368	-2.11535945568	-0.985708603282	-0.219337264022	-0.671259311263	-0.244613079059	-0.353573809195	-0.0398361628217	-1.8931094215	-0.0915846716282	-1.29674042229	0.240097420671	-0.00904872473244	-0.685847180016	0.137437760934	-0.170980813309	-0.13337691159	0.319733884316	-0.219468266524	0.379286317375	-1.43185327902	1.41045807128	1.24884738776	-0.0606203957113	-0.20252614026	0.945093052164	1.98447233401	0.531526744655	-0.228940547587	-1.08119598778	-0.215628780437	0.442198614097	0.259269369204	0.091177103362	-0.438070142861	1.13120537729	0.23215885599	0.0508335088606
Actinomycetaceae	-1.19151815246	4.51976620437	0.310586594465	-0.577135499905	-0.222712444631	-0.490070927096	-1.07206589172	0.96492669945	-0.070169035635	-0.0700212884287	1.12205931837	-0.745988695185	0.325960745696	-0.672046607452	-0.109774566383	0.657417310431	0.362555248467	-0.9162673313	-0.437342252972	-0.0666599624171	0.41229818505	1.01976277791	0.720139886852	0.000489643929393	1.21441586561	0.115653408142	0.322028081836	0.0780689880899	1.5471303674	-0.243710897549	1.01250838846	-0.501597359665	-0.0453975258837	1.200461654	0.604347820693	-0.0745545212161	-0.167538701237	-0.489743501018	0.204985455589	-0.474481211051	0.824512656174	-0.545364197343	-1.08926469602	0.0170836026167	-0.0413102301499	-0.415276081376	-0.718315773082	-0.462328451675	0.0482155368575	1.32583767157	0.0867606237008	-0.473148844967	-0.571702388741	-0.07567412654	-0.262883193772	-0.441105321421	-0.190911187193	-0.172237399764
Aerococcaceae	-0.261330841928	0.310586594465	2.49273116973	-0.0478991413344	0.0430939854223	0.186500383908	-0.122383367848	0.257744920093	0.0975721867215	0.136380100794	0.227298261716	-0.404917250092	-0.127162845593	-0.25229005859	0.0956590530817	-0.067159144088	0.124052694166	-0.10410734859	-0.279435176738	0.104597114389	0.196804089538	0.018439624049	0.204162547775	0.165701762195	0.331811268453	-0.115784079013	0.382678227974	0.120237146944	0.104157382895	0.173884124728	0.000253816605025	-0.55580865726	0.188514177305	-0.0467491178927	-0.0484860362589	0.136588567911	0.125247218366	-0.199450163863	-0.362730519391	-0.536063455665	0.105817048011	-0.093313873787	-0.316683524206	0.189988610298	0.0929722297087	-0.0853345857375	-0.161145095663	-0.115718292087	0.156269648792	0.0673031780799	0.243277800699	-0.0156468994291	-0.119751058145	0.219380753441	-0.0488570778736	-0.355494005059	0.057110245801	0.102329878189
Alcaligenaceae	1.36148189543	-0.577135499905	-0.0478991413344	7.41840717648	0.131546497193	1.93553199145	-0.474941119305	0.0856564132362	0.0974573835368	0.053376588693	-0.303113225049	-0.399454491045	-0.665825601824	0.0143325589029	0.0343564040455	-0.470068853158	-0.114269013107	-0.00377842422941	0.9968366081	-0.0777455247436	0.464166943169	-1.40021900109	-0.864788286872	-0.521619709117	-0.626497140414	-0.793049749079	0.18840113338	-0.00593542566571	-0.548994077733	0.186585014485	-1.0469114455	-1.50987874618	0.120505293927	-0.220411098327	-0.0528355276819	0.0586351523873	0.0579745675354	-0.0863418672625	1.54427546615	-0.727992881313	-0.701552484022	1.57414356736	0.130856247778	-0.190633211092	0.312198105543	0.359298773533	1.6681659981	0.14137734759	-0.0435195514646	-0.0883352827363	-0.169443695508	0.338138296528	0.143488262908	0.013017725514	1.55853551532	0.840104789308	0.156184039315	0.0348745025212
Anaeroplasmataceae	0.191792809173	-0.222712444631	0.0430939854223	0.131546497193	2.53221264623	0.153582119643	-0.160354710678	-0.0234087026759	0.0297799830378	0.0439879454297	-0.111266968961	0.121754263691	0.148091987752	0.338580719212	0.20162191054	-0.256840479139	-0.0578166312674	0.226177800623	-0.209812859401	0.134692647834	-0.142591790643	0.126784106782	-0.0400802368455	0.0085709922311	-0.236370670416	-0.129186838482	-0.0228551565607	-0.00412570256548	-0.0961227097532	0.0548375251677	-0.482787781217	0.213214750378	0.0259035811432	-0.0394784827876	-0.165920633423	0.0136952069878	0.0384322921448	0.156667288206	-0.0760754242515	-0.177565596502	0.0554738531999	0.0180079126403	-0.0948391795348	-0.0697880726067	-0.0943104672748	-0.0650153829895	0.0362184609893	0.00970931329148	0.0791439540308	-0.0970705042883	-0.0249734595945	0.125678990994	0.0707476196721	0.105120233902	-0.0175105656723	-0.0393319954341	0.0585386790889	0.100148882943
Bacteroidaceae	1.44141783509	-0.490070927096	0.186500383908	1.93553199145	0.153582119643	2.5154254273	-0.311556270844	-0.0827606025118	0.225397831977	0.127874734954	-0.107535293766	0.0313356886809	-0.645617267246	-0.0131669496482	0.165886365339	-0.522608373116	-0.00671895534583	0.274832460718	0.347390054032	0.0778199437419	0.244337697949	-0.640101896278	-0.37783324428	0.0972453146305	-0.252441549355	-0.187616945184	0.195115565653	0.264168527601	-0.851086347358	0.268069684057	-0.93193828027	-1.04806453862	0.164603224517	-0.42633905187	-0.0499606590868	0.169173073925	0.243500125264	0.207016106704	0.10805353762	-0.56743099047	-0.424131743894	1.73339971848	-0.0640868411524	0.00714109121982	0.100101803617	0.547764716777	1.76503135098	0.387764312685	0.094092701616	-0.313429865254	-0.105837839956	0.274937562651	0.260680421498	0.190790705664	0.377595812269	0.893690089749	0.206891358592	0.125695282564
Bacteroidales_S24-7_group	0.72712543657	-1.07206589172	-0.122383367848	-0.474941119305	-0.160354710678	-0.311556270844	9.49055038134	-0.639269474191	0.0474974093548	-0.0742779229735	-0.759443584182	0.656681767302	-0.0765782683442	0.595047611693	0.279351872354	0.144159441852	-0.000641195514128	0.745702668461	0.885873501662	0.0807208037756	-0.549664036736	-0.0908229892803	-0.0471328885495	-0.155808643008	-1.15029429256	0.403026184751	-0.27654656583	-0.249574385451	-0.132442555393	-0.115004458105	0.210048251949	1.73818324913	-0.0886993280546	-0.258480594951	-0.107410144376	-0.118417126833	-0.166505112174	0.111897180938	-0.380911043724	0.793958671873	-0.304657673571	0.0298044551817	2.42255299168	0.041839028119	0.0188672799955	-0.711974207524	-0.00972854628038	0.176935910233	-0.00543675499725	-0.777739339324	0.260095148219	-0.0313033259331	0.0949272860925	-0.0386772364597	0.434762624423	-1.33131299526	-0.0452904241307	-0.0869896556246
Bifidobacteriaceae	-1.42854645349	0.96492669945	0.257744920093	0.0856564132362	-0.0234087026759	-0.0827606025118	-0.639269474191	5.74826832736	-0.146038074138	-0.0307052670317	-0.105782244501	-0.479567875593	0.855761276912	-0.102274872867	-0.128478182759	0.549915955423	-0.0682599253124	-0.404401484952	-0.360379785229	-0.217493969188	-0.278422313172	0.835141053075	0.437769401706	0.377250790808	0.312201462636	0.320650455617	-0.280269705749	0.258586311522	0.991528057387	-0.244399179089	0.436259491758	-0.972420802776	-0.0196231806611	0.384227052309	0.0223514653436	0.0137120104372	-0.0860732974202	-0.271579250656	-0.349680870907	-0.50418416764	0.817067617514	-0.143638737947	-0.695898822211	0.0148971756058	-0.309562059684	-0.161517806428	-0.100757420335	-0.0404328003919	0.121462916351	0.692056983791	-0.12114923382	-0.388574689796	-0.307454960127	-0.0889495539994	0.0607323510508	0.597389076126	-0.104752339945	-0.118966822346
Campylobacteraceae	0.0925268231249	-0.070169035635	0.0975721867215	0.0974573835368	0.0297799830378	0.225397831977	0.0474974093548	-0.146038074138	2.11400984178	0.0727388663465	0.0294929685868	-0.261543842136	-0.180711887959	0.0497757325392	0.0806052278134	-0.214629962152	0.0404102617127	0.0816226542226	-0.116712305113	0.019406388209	0.0629972042255	-0.108272392754	-0.0860287982124	-0.0342315892248	0.190282555226	-0.167149379266	0.208921993954	-0.0709007010265	-0.064408221434	0.145067519045	-0.130536422264	-0.083976095037	0.0646083355047	-0.0155494423467	-0.0742449374778	0.062454887352	0.0959018323716	0.0758122640541	-0.133413804069	-0.237495376252	-0.071965847592	0.0140786714124	0.0250259854748	0.157821727165	0.120024805138	-0.109488079522	-0.08591370051	-0.0266399433093	0.0187336359151	-0.0533026287523	0.0865369388604	-0.0590811463651	0.0300666820424	0.0103396768969	0.0826826443806	-0.12866049693	0.0906287997933	0.1023722995
Cardiobacteriaceae	-0.0768427954182	-0.0700212884287	0.136380100794	0.053376588693	0.0439879454297	0.127874734954	-0.0742779229735	-0.0307052670317	0.0727388663465	1.90508653085	0.043829314455	-0.14966258272	0.0988535713624	-0.129595896466	0.13312972635	-0.165338822134	0.0210496087248	-0.118108321044	-0.198558881982	0.0412113865814	-0.0231118156763	0.00560608521367	0.0125838768554	0.0430543497747	-0.0454524157502	-0.197119151287	0.237996130837	0.0269363585624	0.0197499781009	0.138831811619	-0.123331617608	-0.20439398615	0.119486494344	-0.104719191781	-0.0234229104161	0.125176046027	0.267803831631	-0.0307557897209	0.131997622141	-0.353768455201	0.033660091856	-0.0403699942843	-0.195044651648	0.123540531166	0.0603196360436	-0.0370281564682	-0.0677457916389	-0.0118210293688	0.143279404247	0.021266488564	0.12529973968	0.0780935987273	-0.0851873107701	0.122639100371	0.0570413025355	-0.101088958724	0.0536473277787	0.098518830839
Carnobacteriaceae	-0.528741467077	1.12205931837	0.227298261716	-0.303113225049	-0.111266968961	-0.107535293766	-0.759443584182	-0.105782244501	0.0294929685868	0.043829314455	4.71640678676	-1.00210392188	-0.401443155866	-0.566361382969	0.104803557536	0.0988082974444	0.318399638901	-0.483031015832	-0.454678895029	-0.0779755889042	0.405390293462	-0.562210403101	0.29076746689	0.12531920395	1.27657607996	-0.194168543546	0.530589751671	0.0812926019901	0.514098590274	0.325428766506	0.259087516905	-1.07245105125	0.036077252801	1.21141343678	0.734597628762	-0.00970644263132	0.209819263176	-0.253342373537	1.33776119201	-0.567449252309	-0.0916859365837	-0.493801602953	-0.399208831326	0.0828450655781	0.08400524748	-0.590128617458	-0.80534692343	-0.266549137195	-0.142407988709	1.14745081154	0.106348370512	-0.198474374512	-0.312806891482	0.150942474215	0.421266805396	-0.350423137076	-0.122864947034	-0.0862827999678
Christensenellaceae	0.85951386698	-0.745988695185	-0.404917250092	-0.399454491045	0.121754263691	0.0313356886809	0.656681767302	-0.479567875593	-0.261543842136	-0.14966258272	-1.00210392188	4.5379705529	0.916191679527	0.677330517965	-0.00178227917281	0.261744520964	-0.412372221406	0.79690313353	1.06910664059	0.0682824264087	-1.08307675153	-0.228336447065	-0.0580561860356	-0.272905336141	-0.782555554057	1.43093504849	-0.911317785503	0.0844981504497	-0.835063894965	-0.299955775447	-0.538773760216	1.92870481339	-0.167115814303	-0.861542349478	-0.450598924129	-0.107907652025	-0.234377078839	0.261496456052	-0.960912205668	1.54393179632	0.590015830838	0.513810641766	0.523285892045	-0.237055327463	-0.300092819336	0.899518759684	1.71572331479	0.886092748012	-0.158557407862	-0.869690036172	-0.121917304081	0.0467668350013	0.319125076827	-0.123656563347	-0.686472771937	1.56765277186	0.0605102857758	-0.0528746369617
Clostridiaceae_1	-0.930454609599	0.325960745696	-0.127162845593	-0.665825601824	0.148091987752	-0.645617267246	-0.0765782683442	0.855761276912	-0.180711887959	0.0988535713624	-0.401443155866	0.916191679527	5.49205816396	0.097438407874	0.0226594150721	0.261614629431	-0.0898759010851	0.0577666374267	-0.647018559271	-0.0478907031795	-0.338688711326	1.2460843869	0.933972062665	0.195231587624	-0.0343535607598	0.660062627156	-0.498955358163	0.274746712824	0.101274713386	-0.354985214845	0.652473160424	0.317786082191	-0.0751860937505	-0.374757126188	-0.397961973083	-0.0256006284191	-0.0116411169534	-0.275141883378	0.364616152319	0.261346405117	3.23437778299	-0.568449823078	-0.520826990529	-0.00597175336185	0.122707988608	0.305951684864	-0.0826748189214	0.121195935374	0.0811046074027	0.0976066970543	-0.130843087851	-0.254344865871	-0.00861513090554	-0.129675187646	-0.684462697247	0.0174153642492	-0.0452515986544	-0.0874569439383
Clostridiales_vadinBB60_group	0.516613026864	-0.672046607452	-0.25229005859	0.0143325589029	0.338580719212	-0.0131669496482	0.595047611693	-0.102274872867	0.0497757325392	-0.129595896466	-0.566361382969	0.677330517965	0.097438407874	3.78673736855	-0.0181444059176	-0.0886449037222	-0.243836719593	0.674026479055	0.0637450231372	0.0365614386704	-0.623531900591	-0.206518774719	-0.230160223853	-0.016715320012	-0.778914332343	0.234709967193	-0.281975481774	-0.148080168054	-0.568645446108	0.00538651926467	-0.542633304769	1.58007382236	-0.128092097058	-0.269516952059	-0.360979562241	-0.0689874169357	-0.0844959302222	0.278015531669	-0.525495730409	0.49935054323	-0.0517292808635	0.182730429739	0.660284591504	-0.118237521497	-0.107017198253	0.33675665542	0.385935944378	0.0961905918073	-0.161149921894	-0.846872268582	-0.145414664156	-0.00964301865316	0.329838864265	-0.150690978468	-0.13981654911	0.601558395744	0.296842083167	0.0627957810195
Comamonadaceae	-0.07477396866	-0.109774566383	0.0956590530817	0.0343564040455	0.20162191054	0.165886365339	0.279351872354	-0.128478182759	0.0806052278134	0.13312972635	0.104803557536	-0.00178227917281	0.0226594150721	-0.0181444059176	2.49867689521	-0.155738172013	-0.00653318103052	-0.0836475696483	-0.167553666948	0.0569759516322	-0.00392841549845	0.0684496758634	-0.0503279724458	0.0435256526379	-0.0861488747159	-0.11587130643	0.0475257715869	-0.0363852451117	-0.370385545193	0.0281775036983	-0.132432609115	-0.225184522234	0.0968678153929	-0.0214439995884	-0.10244859542	0.0578788689668	0.047922132827	0.133482012088	-0.00818050211532	-0.0907916786323	-0.0684513411835	-0.0478851549886	-0.00637165455595	0.0385271092836	0.0557925857346	0.119051946421	0.038188051953	-0.0255479363641	0.074298126205	-0.0810033077981	-0.00296161943827	0.0466613296194	0.113198438385	0.0786407865016	0.0108023363811	-0.0996954233026	0.0113453565538	0.109897986349
Coriobacteriaceae	-0.34588196531	0.657417310431	-0.067159144088	-0.470068853158	-0.256840479139	-0.522608373116	0.144159441852	0.549915955423	-0.214629962152	-0.165338822134	0.0988082974444	0.261744520964	0.261614629431	-0.0886449037222	-0.155738172013	1.89349000881	-0.0682597905451	-0.165934066639	0.304432355633	-0.146988970002	-0.0787454658563	0.0571484603313	0.440773313657	-0.0486728613499	0.235133726575	0.707757198665	-0.421401308716	-0.00781544679206	0.452659591855	-0.280113945143	0.371131309109	0.517625796939	-0.151344962995	0.0959124809554	0.244517276742	-0.182898770958	-0.320524656933	-0.0153386355698	-0.465143495166	0.47822806353	0.419146287914	0.0588449291137	0.433127972459	-0.124645161927	-0.21557543705	-0.170992344073	0.0245066133839	-0.0572814067546	-0.132479986567	0.0546828141892	-0.069515894982	-0.364502928924	-0.207079263054	-0.188167227831	-0.450492150959	0.142788040165	-0.264526676157	-0.212963716184
Corynebacteriaceae	-0.201091418682	0.362555248467	0.124052694166	-0.114269013107	-0.0578166312674	-0.00671895534583	-0.000641195514128	-0.0682599253124	0.0404102617127	0.0210496087248	0.318399638901	-0.412372221406	-0.0898759010851	-0.243836719593	-0.00653318103052	-0.0682597905451	2.2925340211	-0.203055840624	-0.133864677136	0.0642517591506	0.131073817136	0.0879094844312	0.0194343739343	0.0973510672269	0.418280076284	-0.0739500255111	-0.0134802259291	0.0191447646525	0.162326891376	0.0949592464152	0.0889132825305	-0.175454685931	0.112354940055	0.241249694267	0.101433573049	0.0783364973202	0.0775478281213	-0.0822073528446	0.0839642205336	-0.18494865942	0.0900367889028	-0.158868751939	-0.312211334607	0.188164795927	0.115271088026	-0.151524755597	-0.293690873792	-0.0821452203301	0.0590348948181	0.176331373324	0.147969644038	-0.0293638200476	-0.0116576771095	-0.000652420261136	0.0639657212495	-0.489343908219	-0.0639799393234	0.041726202738
Defluviitaleaceae	0.811754253723	-0.9162673313	-0.10410734859	-0.00377842422941	0.226177800623	0.274832460718	0.745702668461	-0.404401484952	0.0816226542226	-0.118108321044	-0.483031015832	0.79690313353	0.0577666374267	0.674026479055	-0.0836475696483	-0.165934066639	-0.203055840624	3.6199706331	0.152482210541	0.0922211195647	-0.366854151816	-0.376056430715	-0.245361949043	0.0389219750545	-0.535460324352	0.402559125678	-0.346740866351	-0.0496370139948	-0.80126798424	-0.000253096272105	-0.623561274247	0.917590095999	-0.0668123148853	-0.547467836996	-0.460977045437	-0.0590911662554	-0.0841851302514	0.317241555701	-0.861153145743	0.699229516561	-0.11680809479	0.041440229153	0.323060791503	-0.0225607071572	-0.152070587366	0.0991042272616	0.45107381705	0.306834623636	-0.0578598930722	-0.604064892297	-0.0753095861363	0.121889005823	0.304745192493	-0.026122605514	0.149035901759	0.441371316974	0.194270720794	0.0861953852252
Desulfovibrionaceae	1.93069264528	-0.437342252972	-0.279435176738	0.9968366081	-0.209812859401	0.347390054032	0.885873501662	-0.360379785229	-0.116712305113	-0.198558881982	-0.454678895029	1.06910664059	-0.647018559271	0.0637450231372	-0.167553666948	0.304432355633	-0.133864677136	0.152482210541	5.67326793131	-0.183203139862	-0.418208300281	-1.34155872318	-0.513391424204	-0.397802373408	-0.488684883805	0.422296971088	-0.292125286731	-0.22996794267	-1.23732280697	-0.212607149217	-0.529931923142	1.09648273693	-0.147612313208	-0.30258512379	-0.349959043979	-0.324284634552	-0.433095264407	0.421141081169	-0.276750673322	0.961486939404	-0.634976565778	1.04208477531	1.35143717328	-0.287128416407	-0.407225656182	0.532342009153	1.49920707873	0.227170665075	-0.334295820849	-0.892206049792	0.0717677408067	0.153076768513	0.105190187324	-0.135555247144	0.0364176178427	0.110116343399	-0.115572796388	-0.194679183199
Elusimicrobiaceae	0.148011467725	-0.0666599624171	0.104597114389	-0.0777455247436	0.134692647834	0.0778199437419	0.0807208037756	-0.217493969188	0.019406388209	0.0412113865814	-0.0779755889042	0.0682824264087	-0.0478907031795	0.0365614386704	0.0569759516322	-0.146988970002	0.0642517591506	0.0922211195647	-0.183203139862	2.23146771781	0.0570377345645	-0.000998694880976	0.0640780056784	0.0249599108263	-0.205607171273	-0.0901099780678	0.144351541081	0.00160956022585	-0.148888286446	0.0204257737454	-0.261103814051	0.113108554406	0.0918079276059	-0.117967180616	-0.0385473284711	0.0598791099069	0.0846834115734	0.0134086439067	-0.139698858035	-0.0240476751167	0.00123325442662	-0.169179710835	-0.190845861031	0.120391408345	0.0149021020095	0.0726011313435	-0.172857892279	0.0160512280088	0.071303362178	-0.092901932308	0.18280792407	0.0644158922798	0.0194101397619	0.109396854194	-0.0665682071287	-0.0640159413813	0.120672766821	0.123122734494
Enterobacteriaceae	-0.0194870816368	0.41229818505	0.196804089538	0.464166943169	-0.142591790643	0.244337697949	-0.549664036736	-0.278422313172	0.0629972042255	-0.0231118156763	0.405390293462	-1.08307675153	-0.338688711326	-0.623531900591	-0.00392841549845	-0.0787454658563	0.131073817136	-0.366854151816	-0.418208300281	0.0570377345645	3.77525259335	0.916597358256	-0.00307646550405	-0.0144740974643	0.563305782523	-0.643257727418	0.813801331404	-0.18844022229	0.562299869469	-0.0635802854372	0.798515461218	-0.626110055595	0.0717819635994	0.513037390088	0.448301695616	0.187258329307	0.115252019021	-0.0670150441434	0.813670382463	-0.486641130647	-0.262946404053	-0.23993386466	-0.541341596028	0.17838033405	0.203475363956	-0.538714163174	-0.729940662184	-0.43447087558	0.0350038983186	0.581796465082	0.0679863648482	-0.008569071426	-0.272191012007	0.0825209340744	0.638641899263	-0.515623855799	-0.109315704065	-0.00526350965072
Enterococcaceae	-2.11535945568	1.01976277791	0.018439624049	-1.40021900109	0.126784106782	-0.640101896278	-0.0908229892803	0.835141053075	-0.108272392754	0.00560608521367	-0.562210403101	-0.228336447065	1.2460843869	-0.206518774719	0.0684496758634	0.0571484603313	0.0879094844312	-0.376056430715	-1.34155872318	-0.000998694880976	0.916597358256	8.90686064016	0.87730134654	0.39531611863	0.595005765023	0.167062516546	-0.160154794824	0.114445675098	1.43319400126	-0.399978933477	2.31204241352	0.127441233481	0.0839671517026	0.620534719707	0.0449180018094	0.0921601568853	-0.125106638607	-0.155051457083	0.00970901637833	-0.16744779797	1.35263590299	-0.9410583684	-0.781304562915	0.00713897701789	0.198059187801	-0.499832283587	-0.859396070526	-0.303172469889	0.129263920081	1.47884610704	-0.00768350496423	-0.215148951843	-0.308542992807	-0.178134682279	-0.819553853924	-1.02073348514	-0.202172927996	0.0471144732176
Erysipelotrichaceae	-0.985708603282	0.720139886852	0.204162547775	-0.864788286872	-0.0400802368455	-0.37783324428	-0.0471328885495	0.437769401706	-0.0860287982124	0.0125838768554	0.29076746689	-0.0580561860356	0.933972062665	-0.230160223853	-0.0503279724458	0.440773313657	0.0194343739343	-0.245361949043	-0.513391424204	0.0640780056784	-0.00307646550405	0.87730134654	1.76780636742	0.260083406354	0.471248622409	0.407315847064	0.0827111282595	0.31697201927	0.331040260456	-0.239529788868	0.5605044292	0.0747223350264	0.0412404444648	0.0334288552462	0.126416050233	0.0190744126174	-0.0185341009832	-0.0987047203977	-0.411648779499	-0.0631097849942	1.14201373736	-0.330491687271	-0.297882586356	0.0529938495839	0.0978507669522	-0.186517737449	-0.602006430491	-0.0701232394621	0.0661321784995	0.385750245432	0.115167003511	-0.17913196183	-0.11331747326	0.00667010891962	-0.734207452326	-0.493518406171	-0.127689904154	-0.0464322848617
Eubacteriaceae	-0.219337264022	0.000489643929393	0.165701762195	-0.521619709117	0.0085709922311	0.0972453146305	-0.155808643008	0.377250790808	-0.0342315892248	0.0430543497747	0.12531920395	-0.272905336141	0.195231587624	-0.016715320012	0.0435256526379	-0.0486728613499	0.0973510672269	0.0389219750545	-0.397802373408	0.0249599108263	-0.0144740974643	0.39531611863	0.260083406354	3.54742900088	0.0769769279745	0.241310460951	0.0747414460606	0.033049736767	0.234646978824	-0.078691286449	-0.104916305674	0.282609944875	0.141898441369	-0.155765805356	0.116880892339	0.0518830524894	-0.0501209120557	0.0217099416584	-1.11455627414	0.126818638178	0.335889619173	-0.109948419371	-0.59812461962	0.0969489658739	-0.039531492626	-0.0124502226014	-0.224334114674	-0.0824145551665	0.0908417403604	-0.10465865356	0.0656419857472	-0.0850500405886	0.0898990983016	0.0272450055373	-0.354440304655	0.494493013044	-0.0243473649335	0.0226690115708
Family_XI	-0.671259311263	1.21441586561	0.331811268453	-0.626497140414	-0.236370670416	-0.252441549355	-1.15029429256	0.312201462636	0.190282555226	-0.0454524157502	1.27657607996	-0.782555554057	-0.0343535607598	-0.778914332343	-0.0861488747159	0.235133726575	0.418280076284	-0.535460324352	-0.488684883805	-0.205607171273	0.563305782523	0.595005765023	0.471248622409	0.0769769279745	4.60323246913	0.127799796652	0.658068516109	0.219778912327	1.14301161166	-0.00129091969311	0.867876618438	-1.23975394894	0.0238127932564	0.706113783485	0.0793286075373	-0.0633996382115	-0.0477119709996	-0.622315356295	0.498849455065	-0.324292179	0.277735652331	-0.219051876039	-0.793526328841	0.0731293301729	0.212354570963	-0.13621596404	-0.782437735827	-0.223221727035	0.0706463947757	1.21646471094	0.0676509841763	-0.125108810395	-0.45289887848	0.0458615458048	-0.218470645544	-0.368285771681	-0.284550693161	-0.141884428591
Family_XIII	-0.244613079059	0.115653408142	-0.115784079013	-0.793049749079	-0.129186838482	-0.187616945184	0.403026184751	0.320650455617	-0.167149379266	-0.197119151287	-0.194168543546	1.43093504849	0.660062627156	0.234709967193	-0.11587130643	0.707757198665	-0.0739500255111	0.402559125678	0.422296971088	-0.0901099780678	-0.643257727418	0.167062516546	0.407315847064	0.241310460951	0.127799796652	2.31016386484	-0.739989271748	0.173227468377	-0.0301921657044	-0.384724290634	0.0800167085897	0.879974239284	-0.132873339111	-0.269589127893	-0.288160293332	-0.215018732373	-0.482543785365	0.0758460397313	-1.42883177701	0.88027681113	0.797228703498	0.37562129882	0.330445730201	-0.154190576747	-0.182326315667	0.185890509637	0.634755788461	0.353149575584	-0.141220045844	-0.259427365373	-0.11579636969	-0.16912311985	-0.00519699121238	-0.166025839241	-0.914167556331	0.322838477398	-0.112479043647	-0.133932450018
Fusobacteriaceae	-0.353573809195	0.322028081836	0.382678227974	0.18840113338	-0.0228551565607	0.195115565653	-0.27654656583	-0.280269705749	0.208921993954	0.237996130837	0.530589751671	-0.911317785503	-0.498955358163	-0.281975481774	0.0475257715869	-0.421401308716	-0.0134802259291	-0.346740866351	-0.292125286731	0.144351541081	0.813801331404	-0.160154794824	0.0827111282595	0.0747414460606	0.658068516109	-0.739989271748	5.0221432615	0.061365679023	0.366115611495	0.500494063192	-0.363756050326	-0.582931534823	0.262840196341	0.191568788342	0.429301381751	0.201171010407	0.472563558367	-0.274318374514	0.665652462621	-0.561501562174	-0.480096486248	-0.373028522819	-0.378800045378	0.181567851378	0.152474104547	-0.199401099391	-0.526365086183	-0.247245655711	0.125518688442	0.302248148536	0.0551735497619	0.0603928240524	-0.197866464566	0.289207729823	0.625169628057	-0.325987987059	0.0359075450436	0.0875891808176
Lachnospiraceae	-0.0398361628217	0.0780689880899	0.120237146944	-0.00593542566571	-0.00412570256548	0.264168527601	-0.249574385451	0.258586311522	-0.0709007010265	0.0269363585624	0.0812926019901	0.0844981504497	0.274746712824	-0.148080168054	-0.0363852451117	-0.00781544679206	0.0191447646525	-0.0496370139948	-0.22996794267	0.00160956022585	-0.18844022229	0.114445675098	0.31697201927	0.033049736767	0.219778912327	0.173227468377	0.061365679023	0.489672491957	0.0198551845045	-0.0304325259045	-0.0147763666159	-0.517140921337	0.0390813807061	-0.174223695035	-0.106054099616	0.0226044739158	-0.0270734790664	-0.197128865471	-0.207535708423	-0.224422026235	0.252200964305	0.0143106594328	-0.162221379347	0.0475999701543	0.0643895322293	-0.0148913684441	0.0195844215507	0.175580140336	0.0858080141849	0.116655109422	-0.0525948414986	-0.0432465027162	-0.104718067599	0.0196821994782	-0.23245689634	0.0720119902008	-0.0305575793131	-0.0116776649301
Lactobacillaceae	-1.8931094215	1.5471303674	0.104157382895	-0.548994077733	-0.0961227097532	-0.851086347358	-0.132442555393	0.991528057387	-0.064408221434	0.0197499781009	0.514098590274	-0.835063894965	0.101274713386	-0.568645446108	-0.370385545193	0.452659591855	0.162326891376	-0.80126798424	-1.23732280697	-0.148888286446	0.562299869469	1.43319400126	0.331040260456	0.234646978824	1.14301161166	-0.0301921657044	0.366115611495	0.0198551845045	8.77998882301	-0.403628086174	1.91937617586	-1.31954068661	-0.00434660731956	1.00047462786	0.462603110053	-0.0448813959856	-0.0496967780447	-0.300184001228	0.553045298266	-0.194853604075	0.127043105987	-0.736459531692	-0.627572975974	0.196263934571	0.202474628553	-0.88462490126	-1.03587150745	-0.583528370683	0.0977485347895	1.75224170735	0.125374880727	-0.239997117452	-0.292327097524	-0.00184250090324	0.666569342507	-0.654277488552	-0.18685464376	-0.044298323075
Leptotrichiaceae	-0.0915846716282	-0.243710897549	0.173884124728	0.186585014485	0.0548375251677	0.268069684057	-0.115004458105	-0.244399179089	0.145067519045	0.138831811619	0.325428766506	-0.299955775447	-0.354985214845	0.00538651926467	0.0281775036983	-0.280113945143	0.0949592464152	-0.000253096272105	-0.212607149217	0.0204257737454	-0.0635802854372	-0.399978933477	-0.239529788868	-0.078691286449	-0.00129091969312	-0.384724290634	0.500494063192	-0.0304325259045	-0.403628086174	2.57539120079	-0.168563443879	-0.218096687322	0.138562588668	0.154819960151	0.0560061927721	0.0957526430994	0.340365449143	-0.192912677515	0.637426255677	-0.342734000305	-0.35871112404	-0.0013293412392	-0.0845502338657	0.0981895265138	0.139860685106	-0.0934755110198	-0.133803296907	0.0266727114838	0.0384930645446	0.07367998889	0.128703569521	0.161544305077	0.0574587754643	0.179697107461	0.487277935565	0.137814789941	0.0794741056391	0.00576162953239
Leuconostocaceae	-1.29674042229	1.01250838846	0.000253816605025	-1.0469114455	-0.482787781217	-0.93193828027	0.210048251949	0.436259491758	-0.130536422264	-0.123331617608	0.259087516905	-0.538773760216	0.652473160424	-0.542633304769	-0.132432609115	0.371131309109	0.0889132825305	-0.623561274247	-0.529931923142	-0.261103814051	0.798515461218	2.31204241352	0.5605044292	-0.104916305674	0.867876618438	0.0800167085897	-0.363756050326	-0.0147763666159	1.91937617586	-0.168563443879	6.77194623581	0.55245151979	-0.116018063027	0.712951941714	-0.0277275030267	0.0306860380423	-0.304371481438	-0.363346419468	0.487775579174	-0.0819988093926	0.985415409311	-0.722347836948	-0.426003559068	-0.00979714987473	0.0187449792021	-0.661390246637	-1.03977443362	-0.358969433253	0.139501374478	1.41038848265	0.159495352327	-0.165827814975	-0.288361860289	-0.16240456512	-0.150731561885	-1.41703485496	-0.23686958707	-0.0827281323156
Methanobacteriaceae	0.240097420671	-0.501597359665	-0.55580865726	-1.50987874618	0.213214750378	-1.04806453862	1.73818324913	-0.972420802776	-0.083976095037	-0.20439398615	-1.07245105125	1.92870481339	0.317786082191	1.58007382236	-0.225184522234	0.517625796939	-0.175454685931	0.917590095999	1.09648273693	0.113108554406	-0.626110055595	0.127441233481	0.0747223350264	0.282609944875	-1.23975394894	0.879974239284	-0.582931534823	-0.517140921337	-1.31954068661	-0.218096687322	0.55245151979	14.5403148509	-0.371449092926	-0.854608060632	-0.333692896756	-0.0906802763935	-0.561258835581	1.53616341337	-2.09612870811	3.31365320911	0.336988907693	-0.267913228036	1.78967370855	-0.474843518423	-0.508925119665	0.589741185073	-0.143125526724	0.21310981984	-0.0849665564962	-1.53832414231	-0.0342613632097	0.32979325789	0.946218379832	-0.178404017638	-0.629957494055	0.477780016667	0.294207821483	0.0870495812034
Microbacteriaceae	-0.00904872473244	-0.0453975258837	0.188514177305	0.120505293927	0.0259035811432	0.164603224517	-0.0886993280546	-0.0196231806611	0.0646083355047	0.119486494344	0.036077252801	-0.167115814303	-0.0751860937505	-0.128092097058	0.0968678153929	-0.151344962995	0.112354940055	-0.0668123148853	-0.147612313208	0.0918079276059	0.0717819635994	0.0839671517026	0.0412404444648	0.141898441369	0.0238127932564	-0.132873339111	0.262840196341	0.0390813807061	-0.00434660731956	0.138562588668	-0.116018063027	-0.371449092926	1.91440042837	-0.107459801962	-0.00655485365092	0.161218816595	0.153860970494	-0.00627708225552	-0.135904769664	-0.291716063686	-0.063580371716	-0.108233674778	-0.260721070921	0.121022225219	0.0861835499226	-0.00116572821153	-0.160764849191	-0.0351886870348	0.155318797153	-0.00454302895995	0.0850754663192	0.0318249412017	-0.126832588654	0.118585104954	-0.00727819077395	-0.00113188301234	0.046586145514	0.0710454312952
Micrococcaceae	-0.685847180016	1.200461654	-0.0467491178927	-0.220411098327	-0.0394784827876	-0.42633905187	-0.258480594951	0.384227052309	-0.0155494423467	-0.104719191781	1.21141343678	-0.861542349478	-0.374757126188	-0.269516952059	-0.0214439995884	0.0959124809554	0.241249694267	-0.547467836996	-0.30258512379	-0.117967180616	0.513037390088	0.620534719707	0.0334288552462	-0.155765805356	0.706113783485	-0.269589127893	0.191568788342	-0.174223695035	1.00047462786	0.154819960151	0.712951941714	-0.854608060632	-0.107459801962	4.40450908156	0.662779522329	-0.164257736034	0.131605620028	-0.145061934967	1.74222661513	-0.462314609947	-0.240480000921	-0.355288325312	-0.108719317447	0.0578722989049	-0.0469519685155	-0.600516133132	-0.769407088724	-0.385837684517	-0.0183458122485	1.34044474205	0.0113068800913	-0.269442327037	-0.313566375056	0.00267538847449	0.519480835208	-0.666481759241	-0.337163827083	-0.180626950881
Mitochondria	0.137437760934	0.604347820693	-0.0484860362589	-0.0528355276819	-0.165920633423	-0.0499606590868	-0.107410144376	0.0223514653436	-0.0742449374778	-0.0234229104161	0.734597628762	-0.450598924129	-0.397961973083	-0.360979562241	-0.10244859542	0.244517276742	0.101433573049	-0.460977045437	-0.349959043979	-0.0385473284711	0.448301695616	0.0449180018094	0.126416050233	0.116880892339	0.0793286075373	-0.288160293332	0.429301381751	-0.106054099616	0.462603110053	0.0560061927721	-0.0277275030267	-0.333692896756	-0.00655485365092	0.662779522329	4.18267742385	-0.0291942180387	0.302173019264	-0.07533948596	0.709103281402	-0.253456777324	-0.248410762435	-0.204573848641	-0.441196989643	0.0643887832559	-0.0285140282691	0.0361830282059	-0.254942085421	-0.212641489357	-0.0950318435674	0.425350512461	-0.0832487142098	-0.150399637373	-0.134986559589	0.0109864090809	-0.126548771505	0.0511263177436	-0.0916687402068	0.0457777748565
Moraxellaceae	-0.170980813309	-0.0745545212161	0.136588567911	0.0586351523873	0.0136952069878	0.169173073925	-0.118417126833	0.0137120104372	0.062454887352	0.125176046027	-0.00970644263132	-0.107907652025	-0.0256006284191	-0.0689874169357	0.0578788689668	-0.182898770958	0.0783364973202	-0.0590911662554	-0.324284634552	0.0598791099069	0.187258329307	0.0921601568853	0.0190744126174	0.0518830524894	-0.0633996382115	-0.215018732373	0.201171010407	0.0226044739158	-0.0448813959856	0.0957526430994	0.0306860380423	-0.0906802763935	0.161218816595	-0.164257736034	-0.0291942180387	1.959397168	0.0763986339844	-0.0130266725874	-0.0849163286018	-0.273868452551	0.0212010940473	-0.109189053457	-0.222765833765	0.130010338001	0.0758815087143	0.0521050341944	-0.105095380325	-0.0245771409014	0.161568517809	-0.0237207755252	0.126093328406	0.0592935067605	-0.0346610454744	0.0905606707834	0.0582617182427	-0.0824724168416	0.0486876086825	0.103169417693
Neisseriaceae	-0.13337691159	-0.167538701237	0.125247218366	0.0579745675354	0.0384322921448	0.243500125264	-0.166505112174	-0.0860732974202	0.0959018323716	0.267803831631	0.209819263176	-0.234377078839	-0.0116411169534	-0.0844959302222	0.0479221328269	-0.320524656933	0.0775478281213	-0.0841851302514	-0.433095264407	0.0846834115734	0.115252019021	-0.125106638607	-0.0185341009832	-0.0501209120557	-0.0477119709996	-0.482543785365	0.472563558367	-0.0270734790664	-0.0496967780447	0.340365449143	-0.304371481438	-0.561258835581	0.153860970494	0.131605620028	0.302173019264	0.0763986339844	2.59057710619	-0.140423606648	0.662771930052	-0.489274367577	-0.1051523511	-0.198615736501	0.0157193078362	0.101982150074	0.0990137632497	-0.0289346204306	-0.102986482692	0.00611459059696	0.0950355573023	0.15478104736	-0.0157784060099	0.00265162978036	-0.126819734637	0.16253110539	0.376046182536	-0.0127641214311	0.00252170730053	0.039270943841
Oxalobacteraceae	0.319733884316	-0.489743501018	-0.199450163863	-0.0863418672625	0.156667288206	0.207016106704	0.111897180938	-0.271579250656	0.0758122640541	-0.0307557897209	-0.253342373537	0.261496456052	-0.275141883378	0.278015531669	0.133482012088	-0.0153386355698	-0.0822073528446	0.317241555701	0.421141081169	0.0134086439067	-0.0670150441434	-0.155051457083	-0.0987047203977	0.0217099416584	-0.622315356295	0.0758460397313	-0.274318374514	-0.197128865471	-0.300184001228	-0.192912677515	-0.363346419468	1.53616341337	-0.00627708225552	-0.145061934967	-0.07533948596	-0.0130266725874	-0.140423606648	3.43716410464	-0.530395180626	0.505887068786	-0.23175560902	0.107325300613	0.277089134432	-0.0250196894071	-0.106119252972	0.234094013843	0.310755672718	-0.0198042227982	-0.136253005824	-0.544200726707	-0.0396096874292	0.348419216198	0.199231142919	-0.110554355708	0.00350438560384	0.218508768282	0.0375714741599	0.0089827106804
Pasteurellaceae	-0.219468266524	0.204985455589	-0.362730519391	1.54427546615	-0.0760754242515	0.10805353762	-0.380911043724	-0.349680870907	-0.133413804069	0.131997622141	1.33776119201	-0.960912205668	0.364616152319	-0.525495730409	-0.00818050211532	-0.465143495166	0.0839642205336	-0.861153145743	-0.276750673322	-0.139698858035	0.813670382463	0.00970901637833	-0.411648779499	-1.11455627414	0.498849455065	-1.42883177701	0.665652462621	-0.207535708423	0.553045298266	0.637426255677	0.487775579174	-2.09612870811	-0.135904769664	1.74222661513	0.709103281402	-0.0849163286018	0.662771930052	-0.530395180626	8.52193822892	-1.3856350743	0.143575094434	0.0650432808994	0.763512067194	-0.1520360723	0.350352870754	-0.890012040088	-0.354475716571	-0.390145704211	0.0291676396189	1.60304861239	-0.143511721839	-0.0122544857254	-0.424322534448	-0.0413663000756	2.10533418532	-0.83714545456	-0.201146467851	-0.204497715302
Peptococcaceae	0.379286317375	-0.474481211051	-0.536063455665	-0.727992881313	-0.177565596502	-0.56743099047	0.793958671873	-0.50418416764	-0.237495376252	-0.353768455201	-0.567449252309	1.54393179632	0.261346405117	0.49935054323	-0.0907916786323	0.47822806353	-0.18494865942	0.699229516561	0.961486939404	-0.0240476751167	-0.486641130647	-0.16744779797	-0.0631097849942	0.126818638178	-0.324292179	0.88027681113	-0.561501562174	-0.224422026235	-0.194853604075	-0.342734000305	-0.0819988093926	3.31365320911	-0.291716063686	-0.462314609947	-0.253456777324	-0.273868452551	-0.489274367577	0.505887068786	-1.3856350743	5.44761975758	0.312370601084	0.0189702750287	0.782747212305	-0.174643050947	-0.213697744801	0.512281349178	0.389581215087	0.228097695374	-0.326274023424	-0.78006853529	-0.0890592321516	-0.0547711031883	0.455536868658	-0.265407458959	-0.242672166475	0.455888806307	-0.0591832683467	-0.243928714896
Peptostreptococcaceae	-1.43185327902	0.824512656174	0.105817048011	-0.701552484022	0.0554738531999	-0.424131743894	-0.304657673571	0.817067617514	-0.071965847592	0.033660091856	-0.0916859365837	0.590015830838	3.23437778299	-0.0517292808635	-0.0684513411835	0.419146287914	0.0900367889028	-0.11680809479	-0.634976565778	0.00123325442662	-0.262946404053	1.35263590299	1.14201373736	0.335889619173	0.277735652331	0.797228703498	-0.480096486248	0.252200964305	0.127043105987	-0.35871112404	0.985415409311	0.336988907693	-0.063580371716	-0.240480000921	-0.248410762435	0.0212010940473	-0.1051523511	-0.23175560902	0.143575094434	0.312370601084	4.12060969361	-0.367279771609	-0.841124932407	0.00435826252206	0.0690003589614	0.106651312986	-0.200684167425	0.0668299772398	0.0984804045201	0.245973743429	-0.127180617535	-0.17138161342	0.0126850529056	-0.0858971828929	-0.793979570798	-0.136967638333	-0.0375937720752	-0.0493868394172
Porphyromonadaceae	1.41045807128	-0.545364197343	-0.093313873787	1.57414356736	0.0180079126403	1.73339971848	0.0298044551817	-0.143638737947	0.0140786714124	-0.0403699942843	-0.493801602953	0.513810641766	-0.568449823078	0.182730429739	-0.0478851549886	0.0588449291137	-0.158868751939	0.041440229153	1.04208477531	-0.169179710835	-0.23993386466	-0.9410583684	-0.330491687271	-0.109948419371	-0.219051876039	0.37562129882	-0.373028522819	0.0143106594328	-0.736459531692	-0.0013293412392	-0.722347836948	-0.267913228036	-0.108233674778	-0.355288325312	-0.204573848641	-0.109189053457	-0.198615736501	0.107325300613	0.0650432808994	0.0189702750287	-0.367279771609	3.31453336365	0.892285850915	-0.165624181104	-0.141307476192	0.529407905775	2.2812227602	0.375220332572	0.000908077734068	-0.576665344307	-0.163135395746	0.177067281625	0.161773764098	0.000632371888269	0.0326675797263	0.75639936508	0.0861224862085	-0.0469902845401
